counter: 0.000000 click_num: 0.000000 time: 32.011736
counter: 273.000000 click_num: 7.000000 time: 12.185412
